12
Point1
0
37
1 682.291351786175937 211.331718165415879
2 682.545189161841108 212.540183990857656
3 682.713305139502836 214.057309384797804
4 683.064889159724544 215.828024768162948
5 683.318386159606803 217.806226221166156
6 683.408470630443844 219.968121669698803
7 683.683531352041200 222.441987098745869
8 683.957373373360952 224.971263605717752
9 684.246527558456023 227.666565019638313
10 684.543817491631785 230.597775192867061
11 684.939670516864453 233.586179581334250
12 685.322304929729285 236.851902955257543
13 685.652888914266214 240.054178101431091
14 685.976242438721442 243.284585179219846
15 686.357292125161166 246.895438947112098
16 686.461038355587107 250.084401782650701
17 686.923342722595862 253.621468468697202
18 687.144324554163290 257.098960977464458
19 687.633802402276388 260.542233077062463
20 687.980193101360101 264.215682043772745
21 688.308297191907059 267.732386180008518
22 688.851716769120685 271.341099506346097
23 689.341776674953167 275.027116663666277
24 689.707918132970690 278.740345214998740
25 690.148957357589438 282.575723206891666
26 690.576298943406186 286.327218064470173
27 690.738869802361251 290.306871347692550
28 691.062895531307618 294.241879226940569
29 691.442141530146500 298.236230326733050
30 691.918652016333795 302.250031373793036
31 692.384593335781801 306.164569334770874
32 692.789196522710427 310.061833848438596
33 693.195515091511425 313.846597851523256
34 693.598006165119841 317.563660507335214
35 694.023283240105116 321.502481498919110
36 694.488994017910272 325.151838556281120
37 694.788177285071242 328.930784764881821
Point02
0
37
1 666.928484934099856 383.730399283470263
2 667.040828783280858 384.360402607245192
3 667.186161564937265 385.153237377989797
4 667.630611218483637 386.891255434341133
5 667.898685251442430 388.040595181507854
6 668.009976709002899 389.872940234617602
7 668.292248894200611 391.680665757349914
8 668.494500540927106 393.282255524520224
9 668.844050699519926 395.233748268201737
10 669.149787001367940 397.097734685886167
11 669.736278471451897 400.001568503689498
12 670.019121808202954 401.596943692721084
13 670.296746729931328 403.923933296020664
14 670.730132224271642 406.651683327006765
15 671.066904744928365 409.621334096855662
16 671.359104171679633 411.767645734376401
17 671.874382120171049 414.713166522675010
18 672.127023788307724 416.928330324211402
19 672.575902896979301 419.245674291764203
20 672.751712194034099 421.392169868613450
21 673.279235536981673 424.024938992489467
22 673.658813334667229 426.874129028042717
23 674.286281353229811 429.910804232674082
24 674.586941077191341 432.577188505571371
25 675.233778730779363 435.784847520495759
26 675.678205730602031 438.245190235395000
27 675.963870641414246 441.273666208879547
28 676.228312677226313 443.777757516263080
29 676.538916758659980 446.621264498490405
30 677.187154614008364 449.785674033363478
31 677.584908790038867 452.855862866715427
32 678.133868800386836 455.920801857478807
33 678.594907266738801 458.508712254372313
34 678.971718563287141 461.505108703106430
35 679.352494160594688 464.336178679904322
36 679.814520453945079 466.848531971481407
37 680.353357055512220 469.843712370141134
Point03
0
37
1 284.804995265340494 161.269949073318486
2 285.566925199691184 162.581396752170463
3 286.547017654182412 164.235189321936929
4 287.754969783832451 166.080586790108896
5 288.760805114088782 168.135285670039963
6 290.026374788736746 170.322212912428284
7 291.387803381165895 172.993753505060226
8 292.691377106354139 175.464757525093063
9 294.176936291702646 178.231380880842352
10 295.785095960462797 181.245308667001808
11 297.420342648028736 184.289869936108232
12 299.241512113905628 187.655979302496519
13 301.052767690995609 191.137264105349260
14 302.842295167231214 194.449812314883530
15 304.667336626273936 198.181701605434881
16 306.335102902807989 201.441894717598274
17 308.320916599977181 205.130777453503413
18 310.143919418173596 208.770971320889913
19 312.124473185614761 212.100692741352987
20 314.040443995854844 215.866853674090862
21 316.079227754842407 219.838517870282658
22 318.058954202907216 223.574984396745577
23 320.199682074509155 227.329947911762986
24 322.271059241589796 231.214208310999908
25 324.374717504754017 235.124723119342576
26 326.478994536863183 239.132728766540055
27 328.387422953127896 243.290185518275393
28 330.561822750914303 247.407029397009296
29 332.675959253645942 251.509530568624314
30 334.831325461439860 255.520167804247848
31 336.887534252781563 259.571650230153693
32 338.938412214885602 263.662663055064741
33 341.075969955537118 267.683507727020242
34 343.194354824640186 271.686490041121715
35 345.291572318715737 275.764571096404723
36 347.488132952373348 279.542266599219943
37 349.303694841003335 283.491577927578476
Point04
0
37
1 665.366600046224335 463.007530431005534
2 665.278337549197090 463.490983921512168
3 665.336341331709264 464.221835892046442
4 665.918599068637718 465.466129880969447
5 666.055042029732476 466.500004166913016
6 666.241794535682061 467.813660924555847
7 666.492936379335333 469.322220871428328
8 666.678305168102384 470.573258181963752
9 666.961024739433810 472.036924178179049
10 667.302809493861332 473.777311011845939
11 667.782831710550113 475.811041041501824
12 668.046660672839039 477.200336718854260
13 668.296440259285191 479.116514279478565
14 668.864084008270083 481.470462083329210
15 669.118625789901898 483.635803063253434
16 669.417399729189583 485.494954085461643
17 669.985337299706316 487.712657056842659
18 670.096337840375213 489.478067251872119
19 670.496767084184512 491.582568775950222
20 670.582268095789914 493.011788414306466
21 671.103173972329500 495.407484639606878
22 671.500775203137209 497.814431884023179
23 672.037252016359844 500.077435835174015
24 672.547055193214192 502.195382097190361
25 673.220285454877967 504.629689950087140
26 673.709860286803064 506.874339942742154
27 673.787926233409394 509.105788478315731
28 674.026534294372482 511.306544527593928
29 674.319361462789630 513.644904563151272
30 674.843304027200475 516.110667551583219
31 675.271915759856142 518.641237975344438
32 675.801075828563626 521.136988028604605
33 676.131469340621152 523.234964177080201
34 676.623306818178662 525.718163263454926
35 676.920071988246150 528.031037059914297
36 677.515697265098993 530.172107926780427
37 677.940048644350554 532.619416438604731
Point05
0
37
1 1002.317741079867687 224.798932752647033
2 1002.012376372277004 226.016602888346796
3 1001.737382050069414 227.474851017893826
4 1001.403013237547611 229.200752961315999
5 1000.876231085210861 230.987777900058632
6 1000.387460978907257 232.988557956542792
7 999.784038786229416 235.371205464862214
8 998.938261788942782 237.743419088464890
9 998.413608582503798 240.192038403967985
10 997.732770299843537 242.947837563349594
11 997.099806878216896 245.687870462339561
12 996.422939607524086 248.909100270497788
13 995.554568823775412 251.925117123314067
14 994.891150683279193 255.129839229183318
15 994.120105653607880 258.492688753977234
16 992.981514838250177 261.458496912124758
17 992.323862952471472 264.744774771219340
18 991.201557657610010 268.113777379536032
19 990.499920694947150 271.337185648497552
20 989.510511437847526 274.940736783005946
21 988.680207629207416 278.182384657544958
22 987.805733474708063 281.638825481576589
23 987.042108346073746 285.167070182745306
24 986.092927985963456 288.689285353154560
25 985.219034148598780 292.355536961800624
26 984.310442576173841 295.860697759148479
27 983.074172374539444 299.726107773035210
28 982.038565643796119 303.502978249443345
29 981.047253494679012 307.216135289999386
30 980.178098981391713 310.996033556870202
31 979.205248737948182 314.739511426884121
32 978.340493498920068 318.551910112034875
33 977.319349724473909 322.177722184422407
34 976.425787994845791 325.759184239807837
35 975.551488673884251 329.349241127102175
36 974.656537250290285 332.782518659815764
37 973.609255864211264 336.421877788269057
Point06
0
37
1 187.710741448331987 197.756302995246500
2 188.720201149805007 199.017835260642698
3 189.803894967725398 200.506857698635827
4 191.056453634961429 202.276346616606389
5 192.431959868845183 204.154857344095120
6 193.688912661027700 206.198806271143383
7 195.360566753291181 208.703338469664914
8 196.980985200461760 211.135134945719699
9 198.703250098920364 213.680742509229731
10 200.507347831713219 216.489424350461519
11 202.498794120526810 219.463149319208782
12 204.528963160194280 222.620599533951093
13 206.603044426347083 225.881148924734049
14 208.796364117733759 229.101689783413036
15 210.920958745578446 232.549414836132826
16 212.867173293286328 235.638860203532118
17 215.203995389902644 239.156502612888119
18 217.371611056120685 242.521457385244105
19 219.559511301616084 245.721664050340024
20 221.931115564953188 249.347634574630234
21 224.358786748063096 253.027611822975558
22 226.748381136805648 256.661249856399252
23 229.184971503463544 260.108806251610645
24 231.570785276863944 263.765880986908030
25 234.000072258689926 267.518370381015245
26 236.518430161110615 271.321671626791726
27 238.858999608869510 275.237455258310149
28 241.437339628094207 279.155128369916611
29 243.852616038116082 283.093023659235428
30 246.406481506788111 286.918697873106737
31 248.880985246507691 290.729630692669389
32 251.378273503545358 294.603571060402373
33 253.804034129418767 298.332099442195727
34 256.260757197328644 302.141251334955598
35 258.778086241519588 305.976466017427015
36 261.181832101246243 309.592322428142154
37 263.501797731093689 313.319187235429069
Point07
0
37
1 552.717727989252012 28.442275363282029
2 552.955734217274085 30.179107307202575
3 553.657856312979447 32.309213693042963
4 554.156742982411856 34.609981911953987
5 554.749205837475643 37.223407366773294
6 555.256892891413827 40.005955472740276
7 555.814223248815097 43.082676287900291
8 556.580974425784234 46.183562817028900
9 557.219120792153831 49.716387670551889
10 557.996308433315335 53.499617004242502
11 558.876348903477947 57.292983380282884
12 559.673351725151974 61.431231409615080
13 560.468895339376331 65.597535182047579
14 561.328741681758288 69.704807788009532
15 562.198730649751724 74.081837775278132
16 562.799658879710250 78.245408285601641
17 563.816424078162754 82.949370765793034
18 564.757166762199176 87.344318162932069
19 565.779525817510375 91.719271985280045
20 566.670636370626653 96.253234810238894
21 567.559380884682241 100.588765323406548
22 568.486133275979682 105.200150590411653
23 569.651691481681723 109.872879114432180
24 570.622398452765196 114.685399365000791
25 571.631021390848559 119.594653151835871
26 572.742340549133473 124.440194947923331
27 573.397011902224449 129.397599003135724
28 574.553001368222908 134.463849905279687
29 575.571969332983826 139.368106133990580
30 576.556290028309718 144.283640886245280
31 577.543498148209665 149.340349697694137
32 578.655701289664762 154.366442341316969
33 579.671323843940058 159.183941018145930
34 580.659249705916636 163.871760784659216
35 581.834028536056962 168.671636900462573
36 582.650333755806400 173.378876713940599
37 584.030619380087160 177.624500281332558
Point08
0
37
1 827.742928985787557 19.380905499498752
2 827.611844632246175 21.042683620017815
3 827.525474209911636 23.103121108187093
4 827.622860621385257 25.478175768041122
5 827.592880641513602 28.202966292685861
6 827.353732722326754 31.078683822971573
7 827.212539717469554 34.178069462202743
8 826.957397042935099 37.528681836039688
9 826.746306036798728 40.974632665106498
10 826.584450595316184 44.714180009591274
11 826.450616747878712 48.750292224968618
12 826.454154682257240 52.979858944547523
13 826.016733580934897 57.125817629369315
14 825.839210040452826 61.303777781172585
15 825.608101574910165 65.750216903808166
16 825.261410752971187 69.893418630377070
17 825.256931555397273 74.568229947935109
18 824.831388918320499 79.119826512363389
19 824.693942243902484 83.697575038722348
20 824.426115040719310 88.248711386667949
21 824.198958059591291 92.854197279568012
22 824.072279150166651 97.679289712610483
23 823.930056984247472 102.295150079758173
24 823.689654825048137 107.237325366530115
25 823.370950034837279 112.197179086507063
26 823.243278286680720 117.051108449191304
27 822.731049849465990 122.034255977242751
28 822.484455238217834 127.163326436653122
29 822.256702297583956 132.234404940401703
30 822.063107236253018 137.193411147886849
31 821.766207071241752 142.277388545470643
32 821.503905500762130 147.318806696534864
33 821.322751506132363 152.253378087219005
34 821.167642572217346 157.080359432915230
35 820.984683300389520 161.996993086125798
36 820.950627307620152 166.587955645357852
37 820.477973148647266 171.451856643494608
Point09
0
37
1 636.787085424239308 487.876752127315569
2 636.801818647067762 488.372058275552263
3 636.868550807452038 489.087496425298923
4 637.467351243206622 490.163528764646060
5 637.818508603389546 491.238195720999329
6 638.100619236012676 492.208224129271457
7 638.474386220780502 493.587605521442697
8 638.382275549974565 494.687236814496259
9 638.906317607717256 496.060647130316340
10 639.381767942635975 497.667006440969828
11 639.786173661821067 499.237715279655617
12 640.212263484311052 500.756312574872823
13 640.636375106502783 502.541766910904926
14 641.078732236820088 504.553286687350067
15 641.363046265396292 506.413503846503090
16 641.722803043196109 508.045353096800625
17 642.198484457686504 509.945329262850407
18 642.450527014122144 511.691105272637571
19 642.925093794599888 513.562985827657258
20 643.213086866113485 515.035659052329038
21 643.667052347326262 517.111966738331830
22 644.016640783637399 519.194154671619458
23 644.482732398246412 521.243579728098211
24 645.023913152722571 523.208462465659863
25 646.058047778269724 525.062235564636353
26 646.324723547891381 527.184888188488003
27 646.878686038154910 529.333066769845232
28 647.023442230727028 531.383557845429891
29 647.301277285799301 533.565735932007442
30 648.050616739438397 535.770107121813226
31 648.689491972935343 538.043809983548044
32 649.185516252993921 540.246887022855162
33 649.632693008685465 542.232422092439720
34 650.083151890514955 544.394652603295299
35 650.593027486138908 546.541106263039410
36 651.258459034544330 548.408711954918658
37 651.847460556141300 550.480832323200502
Point10
0
37
1 396.746160178103935 474.450915418686918
2 397.267899066063421 474.922546935654566
3 397.865408135866574 475.718049650323849
4 398.424571516489493 476.903339170808863
5 399.332078701007049 477.887702920671018
6 399.982914397531545 479.181906812520424
7 400.887855562815787 480.430762455414538
8 401.618060789682659 481.774518567906966
9 402.599996663355682 483.064410090600234
10 403.621713539755433 484.631143273085797
11 404.543270583900494 486.628809167955751
12 405.881475393554126 488.053256140508438
13 406.945279789769529 489.867427123830112
14 408.051332396338182 491.827740829877939
15 409.079321500237370 493.983908212840049
16 410.004566707721096 495.695189313251774
17 411.378136245790643 497.881700902634407
18 412.519394551380287 499.746652465996419
19 413.730950381253990 501.472528330119985
20 415.074511131998577 503.107553464076034
21 416.355984069500437 504.998462327736661
22 417.694345549489753 507.409468303118274
23 418.951285977584291 509.514559641377048
24 420.281890196723566 511.638789119903095
25 421.567314441445092 513.957189410412411
26 423.015621888475152 516.131223807021570
27 424.317370490698977 518.128585466553204
28 425.699901297939959 520.191242527628560
29 427.048801895213671 522.417073541832792
30 428.554829155007610 524.756604674862501
31 429.814968176938919 527.316529897047417
32 431.232901680398811 529.810749067334427
33 432.522372046754072 531.744673176931997
34 433.730878722831847 534.148590138005261
35 435.333086079240275 536.205111154154565
36 436.668082817296181 538.400938519684246
37 438.066482740593415 540.543723650157403
Point11
0
37
1 847.099876656471451 461.838467554858028
2 847.016916311079285 462.301737100815217
3 847.082664052074051 463.070141557448665
4 847.006818129092267 464.317530496717552
5 846.983814227162611 465.295386519849785
6 846.809673572822135 466.400203812664529
7 846.736990164345343 467.799157659482432
8 846.462834487948157 469.096793154990905
9 846.225581349264758 470.555265351739536
10 845.999701073059327 472.067576513453560
11 845.993128664500546 473.832698770156696
12 845.707421288896739 475.619213701118952
13 845.542307554739068 477.359440905830638
14 845.394725999229991 479.229104946762106
15 845.209388984352699 481.433395528293659
16 844.728715937830884 483.067804985983003
17 844.797309918292513 484.901062548457105
18 844.213231729691984 486.834528959578051
19 844.076119010351363 488.578972740301424
20 843.743465355752392 490.506592998538110
21 843.606742498566064 492.558252363036274
22 843.359620960433745 494.957144503688198
23 843.292015323464511 496.840272916179345
24 843.112792502694219 499.084062063876559
25 842.804477411977814 501.212349893098121
26 842.445397266518398 503.380665327649012
27 842.002384040088373 505.616679365384357
28 841.829114804013557 507.665348505860379
29 841.375021701755486 509.945421837412368
30 841.069055812962233 512.293191074411197
31 840.887713619385750 514.710443808542095
32 840.697974023627012 516.851923398254712
33 840.488142298000184 519.039510026193284
34 840.163613163857917 521.149644726077895
35 839.941676070035555 523.589833805226363
36 839.675360327733529 525.539877456545582
37 839.406402903289973 527.658015297873135
Point12
0
37
1 144.474107357268565 342.886029956233017
2 145.482008111088192 343.732698323393151
3 146.482307911501039 344.843290005238714
4 147.736393750555578 346.157320434563530
5 149.021092862120838 347.662824808141977
6 150.188126586393452 349.135076829975105
7 151.855287846190407 351.002912806353663
8 153.476427438802290 352.942056856861200
9 155.098643207703958 354.865180927031304
10 156.930883455790678 356.830048337854237
11 158.830671410795730 358.984994715726828
12 160.859769622644478 361.480393858201978
13 162.841399973037795 363.892363134144887
14 164.979652966063668 366.341995750465969
15 167.010953423436064 369.025472761834294
16 168.969521466021462 371.326111772770901
17 171.150603415059152 373.965385645175218
18 173.253835965799112 376.431124878032506
19 175.579402202194444 379.232162726356705
20 177.770777274170825 381.871345129807423
21 180.108091305164209 384.546058342332230
22 182.402623689680127 387.199582643642941
23 184.941730682481563 390.019973200591551
24 187.202358401239792 392.659446227253568
25 189.725539877389508 395.643566361085334
26 192.045726326606371 398.498681489924252
27 194.348673627140215 401.485935243711538
28 196.818939769400515 404.448342546239928
29 199.255421150229466 407.520516047505339
30 201.809917952113949 410.468104700325455
31 204.199990742356135 413.389971319415508
32 206.729289185591654 416.423509966590757
33 209.187680015216586 419.267766904435121
34 211.584983192239122 422.118978917675179
35 214.086461125136850 425.140441167059009
36 216.520400813545791 427.867372577207902
37 218.854843321399471 430.689918262640276
