1
07
0
37
1 553.110439506501848 30.310198787842523
2 553.372015375479350 31.385144568870388
3 553.647453467878563 32.552797128450969
4 554.155286448310903 34.865533150342621
5 554.726984254619083 37.446246946482162
6 555.311607877180222 40.221116771279348
7 555.924083439128481 43.242397922998933
8 556.573503958296442 46.497639850492774
9 557.297395160709357 49.955045432001292
10 558.069220855976596 53.624756456344258
11 558.846805038695152 57.507550929347985
12 559.668729216615930 61.505234952839508
13 560.509213659903253 65.621679107046631
14 561.293875655149691 69.812164088110393
15 562.122490125751710 74.115791959345984
16 562.980144410316484 78.465148555522887
17 563.870301237466833 82.868041394976984
18 564.764682381641933 87.302320801969145
19 565.716626782636240 91.770992209530121
20 566.650568622199671 96.221148174453830
21 567.629473566096067 100.726860364753861
22 568.598048093147099 105.320085840698013
23 569.590125097191503 109.988369509017417
24 570.626717030081750 114.758655433920765
25 571.608892755330658 119.598145116465588
26 572.589154732638917 124.516339274635087
27 573.579068908682643 129.452880628433036
28 574.564122636174829 134.390678175314918
29 583.600000000000023 141.600000000000023
30 576.576092033478176 144.364477792905348
31 577.599756528621697 149.308496015478568
32 578.617212603208145 154.209226945612329
33 579.672760304757617 159.086826148455742
34 580.694127426276964 163.894531551705057
35 581.769111044361352 168.546143139708164
36 582.293557844466818 170.886693670098737
37 582.838327223983470 173.225004631911901
