12
Point1
0
37
1 682.291351786175937 211.331718165415879
2 682.545189161841108 212.540183990857656
3 682.713305139502836 214.057309384797804
4 683.064889159724544 215.828024768162948
5 683.318386159606803 217.806226221166156
6 683.408470630443844 219.968121669698803
7 683.683531352041200 222.441987098745869
8 683.957373373360952 224.971263605717752
9 684.246527558456023 227.666565019638313
10 684.543817491631785 230.597775192867061
11 684.939670516864453 233.586179581334250
12 685.322304929729285 236.851902955257543
13 685.652888914266214 240.054178101431091
14 685.976242438721442 243.284585179219846
15 686.357292125161166 246.895438947112098
16 686.461038355587107 250.084401782650701
17 686.923342722595862 253.621468468697202
18 687.144324554163290 257.098960977464458
19 687.633802402276388 260.542233077062463
20 687.980193101360101 264.215682043772745
21 688.308297191907059 267.732386180008518
22 688.851716769120685 271.341099506346097
23 689.341776674953167 275.027116663666277
24 689.707918132970690 278.740345214998740
25 690.148957357589438 282.575723206891666
26 690.576298943406186 286.327218064470173
27 690.738869802361251 290.306871347692550
28 691.062895531307618 294.241879226940569
29 691.442141530146500 298.236230326733050
30 691.918652016333795 302.250031373793036
31 692.384593335781801 306.164569334770874
32 692.789196522710427 310.061833848438596
33 693.195515091511425 313.846597851523256
34 693.598006165119841 317.563660507335214
35 694.023283240105116 321.502481498919110
36 694.488994017910272 325.151838556281120
37 694.788177285071242 328.930784764881821
