1
Point1
0
37
1 682.291351786175937 211.331718165415879
2 682.545189161841108 212.540183990857656
3 682.713305139502836 214.057309384797804
4 683.064889159724544 215.828024768162948
5 683.318386159606803 217.806226221166156
6 683.408470630443844 219.968121669698803
7 683.683531352041200 222.441987098745869
8 683.957373373360952 224.971263605717752
9 684.246527558456023 227.666565019638313
10 684.543817491631785 230.597775192867061
11 684.939670516864453 233.586179581334250
12 685.322304929729285 236.851902955257543
13 685.652888914266214 240.054178101431091
14 685.976242438721442 243.284585179219846
15 686.357292125161166 246.895438947112098
16 686.461038355587107 250.084401782650701
17 686.813668491851821 253.726531329609570
18 687.236619685936183 257.541329602990606
19 687.619834223305018 261.518635523643343
20 688.025369959076833 265.724439491622522
21 688.393622641453141 270.032988033091048
22 688.862097455095061 274.692303318226313
23 689.227623648810033 279.345039065678097
24 689.505447459874966 284.143798444547316
25 689.900913456516089 289.172959036133674
26 690.175371607456100 294.246227763602669
27 690.605188616965830 299.712227018570654
28 690.932968522090348 305.188379605287002
29 691.219949948985966 310.804635765290461
30 691.644016325798455 316.899871305952383
31 692.005290290598476 322.988316669062041
32 692.317652798436098 329.096765447206892
33 692.729874019525716 329.172951994834126
34 693.122062325077491 329.154514719166749
35 693.475445299416620 329.100071669325568
36 693.878227643825850 328.964874149814426
37 694.265615349985427 328.887062554293362
